0,0.900000,0.010296,0.011747,0.020936,0.017466,0.006819,0.018683,0.002725,0.002394,0.008934
1,0.023093,0.010772,0.011845,0.004947,0.007208,0.005912,0.015511,0.009714,0.900000,0.010997
2,0.003904,0.013143,0.900000,0.004872,0.014011,0.001735,0.015693,0.009159,0.023529,0.013954
3,0.006338,0.021237,0.032842,0.001758,0.006269,0.014310,0.900000,0.006076,0.003835,0.007335
4,0.004202,0.002831,0.000845,0.017446,0.035510,0.016800,0.013404,0.002472,0.006490,0.900000
5,0.000156,0.011383,0.010760,0.003648,0.060482,0.005230,0.003422,0.000070,0.900000,0.004848
6,0.004212,0.002522,0.005496,0.012816,0.001265,0.039080,0.027270,0.900000,0.002093,0.005246
7,0.019889,0.002657,0.000874,0.900000,0.003484,0.013887,0.015863,0.001432,0.010139,0.031776
8,0.003944,0.006605,0.002023,0.025150,0.900000,0.014892,0.014769,0.026416,0.005433,0.000770
9,0.005773,0.003890,0.003554,0.900000,0.010484,0.006430,0.012343,0.024935,0.023738,0.008852
10,0.001495,0.002616,0.000863,0.900000,0.010540,0.040388,0.032337,0.009952,0.000649,0.001159
11,0.012123,0.022105,0.001328,0.030610,0.007609,0.900000,0.013770,0.005139,0.006385,0.000931
12,0.007267,0.029757,0.000488,0.024730,0.001767,0.010599,0.017669,0.001912,0.900000,0.005811
13,0.003963,0.009103,0.015760,0.004724,0.024582,0.013352,0.002881,0.900000,0.013526,0.012108
14,0.004296,0.000973,0.001340,0.001795,0.900000,0.015551,0.000269,0.064844,0.009459,0.001472
15,0.010224,0.015064,0.006505,0.033591,0.900000,0.007942,0.001470,0.001163,0.010420,0.013620
16,0.008446,0.010260,0.003310,0.900000,0.011389,0.010950,0.008268,0.001684,0.019921,0.025772
17,0.029989,0.010087,0.003997,0.006909,0.900000,0.003128,0.000098,0.034524,0.005346,0.005921
18,0.004492,0.014031,0.000896,0.007765,0.002696,0.900000,0.006209,0.027655,0.014475,0.021781
19,0.014844,0.001412,0.027871,0.000995,0.900000,0.006596,0.001343,0.007132,0.031936,0.007872
20,0.020775,0.005459,0.001806,0.025351,0.014505,0.000677,0.003004,0.025687,0.002735,0.900000
21,0.002543,0.009807,0.900000,0.002226,0.004293,0.002558,0.010395,0.039908,0.014269,0.014001
22,0.018075,0.028936,0.009710,0.006373,0.018240,0.006598,0.009110,0.900000,0.000114,0.002845
23,0.017523,0.000405,0.007242,0.000556,0.004552,0.027670,0.900000,0.009489,0.021003,0.011559
24,0.003100,0.900000,0.016040,0.006698,0.004375,0.025763,0.005775,0.005889,0.010580,0.021781
25,0.900000,0.026909,0.001405,0.000289,0.021384,0.002965,0.000686,0.001410,0.036839,0.008114
26,0.010715,0.000611,0.026890,0.005237,0.027225,0.018704,0.004191,0.002444,0.900000,0.003983
27,0.005236,0.027584,0.003659,0.900000,0.008879,0.013750,0.007389,0.000918,0.006786,0.025800
28,0.005079,0.006056,0.016238,0.012043,0.005248,0.900000,0.010345,0.025618,0.007591,0.011782
29,0.004820,0.003149,0.000353,0.002823,0.900000,0.011153,0.034502,0.011198,0.024474,0.007528
30,0.046718,0.001628,0.010452,0.009110,0.002913,0.000680,0.000066,0.014272,0.900000,0.014160
31,0.016335,0.011438,0.048852,0.003366,0.001589,0.001862,0.011084,0.004905,0.900000,0.000570
32,0.008954,0.016102,0.900000,0.006339,0.000590,0.009911,0.000469,0.036313,0.018190,0.003131
33,0.010730,0.019598,0.007105,0.014022,0.032268,0.003309,0.002938,0.000444,0.009587,0.900000
34,0.003715,0.005948,0.008541,0.017406,0.016948,0.013394,0.024094,0.000209,0.900000,0.009746
35,0.000599,0.007363,0.026039,0.010984,0.013615,0.004669,0.900000,0.023047,0.003832,0.009851
36,0.017791,0.010926,0.012335,0.900000,0.012949,0.000627,0.005258,0.028377,0.009415,0.002323
37,0.042199,0.001233,0.007194,0.036396,0.002422,0.003071,0.002141,0.900000,0.002583,0.002760
38,0.014204,0.020434,0.900000,0.004802,0.010575,0.014878,0.018676,0.013555,0.002533,0.000343
39,0.007245,0.002562,0.000856,0.900000,0.019589,0.013405,0.036453,0.012275,0.001954,0.005661
40,0.017113,0.007218,0.026317,0.014052,0.001813,0.009671,0.007421,0.014703,0.001692,0.900000
41,0.007955,0.007297,0.005604,0.030185,0.003996,0.900000,0.006893,0.003509,0.031212,0.003349
42,0.004677,0.017034,0.003430,0.003616,0.004926,0.058974,0.000689,0.900000,0.004256,0.002399
43,0.033301,0.000463,0.004496,0.005309,0.016797,0.017527,0.000117,0.900000,0.021832,0.000159
44,0.004429,0.017611,0.003944,0.011165,0.017013,0.900000,0.003536,0.022703,0.012530,0.007070
45,0.003050,0.006203,0.900000,0.026408,0.008074,0.007664,0.014448,0.023078,0.007907,0.003167
46,0.009297,0.000930,0.031498,0.002251,0.000503,0.001714,0.008217,0.900000,0.019445,0.026147
47,0.002682,0.009328,0.002932,0.040505,0.013413,0.007301,0.004434,0.015156,0.004249,0.900000
48,0.900000,0.007859,0.012015,0.016602,0.015269,0.004506,0.021084,0.000419,0.014883,0.007363
49,0.008627,0.016619,0.026969,0.000064,0.001044,0.900000,0.014839,0.011967,0.003818,0.016053
50,0.017552,0.004070,0.027219,0.012097,0.014001,0.000224,0.017171,0.900000,0.001141,0.006526
51,0.027871,0.012569,0.010318,0.900000,0.011096,0.008003,0.015288,0.002456,0.009083,0.003317
52,0.003273,0.900000,0.001897,0.011412,0.011013,0.007615,0.026789,0.010938,0.023252,0.003811
53,0.005412,0.002147,0.005102,0.004276,0.004889,0.900000,0.001963,0.026351,0.045076,0.004784
54,0.011894,0.014490,0.004037,0.002678,0.018560,0.015382,0.004793,0.006720,0.021446,0.900000
55,0.000671,0.024399,0.900000,0.001550,0.009297,0.010558,0.002541,0.037787,0.004441,0.008755
56,0.016745,0.013663,0.900000,0.004547,0.004059,0.029084,0.001533,0.004904,0.000599,0.024866
57,0.002626,0.000823,0.026133,0.002405,0.029069,0.017824,0.900000,0.001626,0.016303,0.003190
58,0.005751,0.021716,0.014423,0.006943,0.013022,0.010659,0.900000,0.022341,0.001860,0.003285
59,0.001050,0.013949,0.000579,0.900000,0.002940,0.033594,0.032784,0.005717,0.000890,0.008497
60,0.002968,0.004599,0.018000,0.006415,0.008341,0.034017,0.900000,0.021395,0.000389,0.003876
61,0.022320,0.900000,0.017972,0.015319,0.010830,0.000340,0.017506,0.012465,0.001247,0.002001
62,0.008817,0.010707,0.025867,0.020691,0.009279,0.008264,0.900000,0.015879,0.000023,0.000472
63,0.009347,0.010931,0.020529,0.011156,0.900000,0.016414,0.020008,0.003067,0.006717,0.001830
64,0.900000,0.005548,0.041328,0.008624,0.009064,0.001615,0.001847,0.014750,0.016629,0.000595
65,0.900000,0.013204,0.010289,0.001621,0.030821,0.015175,0.000019,0.018559,0.002071,0.008240
66,0.015433,0.014755,0.035664,0.005306,0.011173,0.900000,0.000181,0.007805,0.009118,0.000565
67,0.015764,0.019029,0.004379,0.000563,0.007399,0.025593,0.017920,0.003476,0.900000,0.005876
68,0.003573,0.900000,0.003848,0.021544,0.003349,0.004204,0.013524,0.014109,0.007585,0.028265
69,0.006229,0.007366,0.001061,0.003480,0.029627,0.004383,0.025652,0.009797,0.012405,0.900000
70,0.000103,0.019153,0.016486,0.009509,0.020822,0.010021,0.003689,0.019369,0.000850,0.900000
71,0.900000,0.000119,0.009434,0.001573,0.002535,0.015212,0.045467,0.012171,0.007777,0.005711
72,0.006973,0.007750,0.900000,0.005338,0.004221,0.010557,0.006293,0.027166,0.016046,0.015657
73,0.000538,0.018427,0.009105,0.020861,0.001989,0.021433,0.019506,0.000755,0.007387,0.900000
74,0.005383,0.007883,0.900000,0.022749,0.011851,0.005956,0.007177,0.012009,0.018284,0.008709
75,0.002961,0.033421,0.023854,0.013561,0.006673,0.002622,0.001824,0.007574,0.900000,0.007510
76,0.004577,0.000047,0.012206,0.006865,0.900000,0.009643,0.004363,0.027302,0.020445,0.014553
77,0.003299,0.010924,0.004308,0.016577,0.018050,0.011256,0.001269,0.029220,0.900000,0.005096
78,0.015045,0.019608,0.900000,0.018566,0.008630,0.011587,0.000729,0.003927,0.006181,0.015728
79,0.035993,0.009347,0.000021,0.900000,0.006465,0.007719,0.024212,0.002426,0.009221,0.004597
80,0.010233,0.002225,0.900000,0.014207,0.007111,0.004417,0.010938,0.000136,0.029310,0.021423
81,0.900000,0.000398,0.025680,0.016435,0.011476,0.010614,0.012714,0.006305,0.013357,0.003020
82,0.900000,0.003673,0.026438,0.010535,0.013661,0.000227,0.020155,0.004602,0.015007,0.005701
83,0.013240,0.005550,0.010709,0.009395,0.035301,0.007687,0.900000,0.008161,0.009856,0.000102
84,0.015931,0.005243,0.028543,0.006960,0.004884,0.005599,0.900000,0.005092,0.022528,0.005219
85,0.003675,0.011247,0.005876,0.011787,0.004510,0.005479,0.900000,0.017811,0.002671,0.036944
86,0.001708,0.014373,0.003510,0.012124,0.900000,0.013412,0.004642,0.024783,0.017399,0.008049
87,0.900000,0.002756,0.002749,0.032262,0.004642,0.013657,0.007918,0.021173,0.003520,0.011323
88,0.006863,0.006789,0.009693,0.009879,0.012484,0.000433,0.014080,0.020370,0.900000,0.019408
89,0.002475,0.016660,0.012578,0.001138,0.006465,0.004277,0.900000,0.041906,0.008840,0.005660
90,0.000728,0.005467,0.011781,0.026144,0.002072,0.029108,0.005339,0.007547,0.900000,0.011814
91,0.016249,0.900000,0.008539,0.004854,0.000262,0.005953,0.024979,0.027288,0.008777,0.003098
92,0.011538,0.008665,0.011569,0.027636,0.900000,0.002364,0.002917,0.000700,0.025896,0.008714
93,0.003764,0.013768,0.015330,0.010580,0.001421,0.900000,0.022926,0.011245,0.018186,0.002781
94,0.034542,0.010035,0.008005,0.002796,0.001059,0.014672,0.002262,0.900000,0.008034,0.018595
95,0.003000,0.014813,0.007310,0.018388,0.008652,0.010494,0.013353,0.004825,0.900000,0.019165
96,0.011380,0.006760,0.007093,0.900000,0.016904,0.008720,0.012178,0.007125,0.028612,0.001228
97,0.007701,0.000822,0.900000,0.006900,0.014456,0.001656,0.002326,0.010676,0.003599,0.051864
98,0.011726,0.008156,0.007281,0.019799,0.011147,0.005098,0.900000,0.014316,0.021887,0.000591
99,0.001308,0.006176,0.016315,0.002209,0.053639,0.005736,0.900000,0.001504,0.010240,0.002872
100,0.013012,0.009200,0.015607,0.000560,0.011492,0.008202,0.020342,0.016867,0.004718,0.900000
101,0.000078,0.035225,0.900000,0.023268,0.002579,0.017011,0.008061,0.010276,0.000851,0.002651
102,0.019822,0.002926,0.003803,0.007264,0.036375,0.900000,0.002624,0.017889,0.002868,0.006428
103,0.014868,0.015040,0.007343,0.900000,0.006006,0.021029,0.007113,0.001911,0.006643,0.020046
104,0.008960,0.006412,0.006394,0.029376,0.013497,0.015712,0.011222,0.900000,0.005140,0.003288
105,0.012460,0.011516,0.003960,0.031149,0.015595,0.018427,0.003039,0.001835,0.900000,0.002019
106,0.007471,0.900000,0.011999,0.008846,0.011229,0.015998,0.006142,0.007137,0.015081,0.016096
107,0.012727,0.007948,0.017636,0.011187,0.008753,0.004279,0.900000,0.014717,0.018149,0.004604
108,0.007227,0.041287,0.013635,0.000016,0.001568,0.007783,0.014398,0.000153,0.013934,0.900000
109,0.007952,0.006303,0.018592,0.004058,0.002157,0.008513,0.900000,0.042864,0.000532,0.009028
110,0.012416,0.900000,0.001973,0.004302,0.026607,0.001037,0.007957,0.017686,0.022575,0.005446
111,0.005966,0.900000,0.020915,0.003906,0.015126,0.014865,0.012000,0.002500,0.003346,0.021375
112,0.000517,0.003345,0.006298,0.000584,0.012553,0.900000,0.008438,0.004493,0.040780,0.022993
113,0.005509,0.001807,0.008972,0.001279,0.033719,0.025241,0.007022,0.900000,0.009596,0.006855
114,0.027798,0.002382,0.020428,0.006941,0.005543,0.008393,0.020466,0.000109,0.007941,0.900000
115,0.008347,0.014309,0.008503,0.900000,0.014435,0.012536,0.020438,0.000792,0.012125,0.008516
116,0.000225,0.003333,0.018754,0.013014,0.000571,0.900000,0.001138,0.011295,0.023620,0.028050
117,0.900000,0.010496,0.019785,0.012179,0.015376,0.008905,0.001311,0.005933,0.002863,0.023152
118,0.005852,0.022963,0.012935,0.020532,0.900000,0.005019,0.011368,0.009353,0.010107,0.001871
119,0.011467,0.017274,0.900000,0.017438,0.015611,0.006416,0.012788,0.012430,0.002228,0.004348
120,0.002394,0.011144,0.900000,0.005607,0.030767,0.001259,0.007570,0.024466,0.007160,0.009632
121,0.002321,0.013226,0.005389,0.004451,0.002482,0.900000,0.034781,0.005451,0.012565,0.019335
122,0.012985,0.023681,0.008129,0.020379,0.001808,0.019128,0.004401,0.001059,0.008431,0.900000
123,0.001056,0.016424,0.001368,0.024329,0.011931,0.000262,0.024301,0.003106,0.900000,0.017222
124,0.047015,0.001714,0.000279,0.007768,0.900000,0.005315,0.006828,0.010796,0.016997,0.003288
125,0.008412,0.010048,0.014681,0.016709,0.900000,0.000223,0.035894,0.001338,0.005252,0.007443
126,0.000841,0.000257,0.022964,0.032673,0.900000,0.009651,0.004290,0.008273,0.003556,0.017495
127,0.005629,0.001539,0.021306,0.022110,0.010223,0.900000,0.001748,0.015475,0.020846,0.001124
128,0.009353,0.001632,0.010296,0.017322,0.025216,0.900000,0.012644,0.007160,0.003978,0.012400
129,0.041040,0.003163,0.000327,0.006811,0.027840,0.000953,0.009387,0.000253,0.900000,0.010227
130,0.015683,0.017626,0.900000,0.004414,0.026473,0.018015,0.001334,0.000104,0.006701,0.009650
131,0.001726,0.010779,0.002107,0.039437,0.900000,0.009082,0.001622,0.023000,0.004516,0.007731
132,0.010491,0.000082,0.013162,0.019174,0.016253,0.010229,0.005560,0.007134,0.900000,0.017915
133,0.002364,0.002779,0.002128,0.900000,0.014943,0.031434,0.012374,0.007066,0.010463,0.016449
134,0.006183,0.008266,0.015796,0.007779,0.034430,0.900000,0.005350,0.009055,0.002141,0.011000
135,0.011868,0.028175,0.900000,0.001331,0.006729,0.013547,0.019742,0.000314,0.005510,0.012783
136,0.900000,0.003558,0.001816,0.004759,0.010136,0.016753,0.047886,0.004764,0.007482,0.002845
137,0.033216,0.010338,0.006004,0.022501,0.900000,0.009698,0.003253,0.005234,0.004465,0.005292
138,0.002789,0.900000,0.024566,0.026381,0.001550,0.008755,0.014766,0.001687,0.016009,0.003497
139,0.007103,0.000963,0.900000,0.025904,0.006448,0.010426,0.016401,0.008163,0.017207,0.007384
140,0.002874,0.003146,0.001765,0.013274,0.038478,0.900000,0.008303,0.002522,0.018144,0.011494
141,0.004834,0.017754,0.012008,0.022123,0.008501,0.003591,0.900000,0.007828,0.011816,0.011545
142,0.011494,0.011959,0.014451,0.900000,0.008477,0.006999,0.011026,0.016187,0.015504,0.003904
143,0.025618,0.011338,0.015373,0.013818,0.005705,0.006541,0.003316,0.017422,0.000869,0.900000
144,0.004770,0.020729,0.021056,0.003954,0.009500,0.004296,0.900000,0.003711,0.001161,0.030822
145,0.006473,0.000892,0.000533,0.002993,0.022171,0.045945,0.012517,0.900000,0.007384,0.001092
146,0.001511,0.024542,0.900000,0.008687,0.008573,0.016089,0.005363,0.008172,0.016983,0.010080
147,0.900000,0.039038,0.002415,0.005251,0.021497,0.007074,0.006379,0.001424,0.013617,0.003307
148,0.002542,0.010111,0.003729,0.006024,0.900000,0.033030,0.011795,0.002676,0.026349,0.003744
149,0.012071,0.007443,0.002819,0.005239,0.029484,0.001148,0.002806,0.031983,0.007006,0.900000
150,0.003694,0.001046,0.002972,0.012567,0.017832,0.027198,0.001646,0.028726,0.004319,0.900000
151,0.017672,0.011626,0.000048,0.000188,0.900000,0.014417,0.009266,0.015908,0.003514,0.027361
152,0.015675,0.000953,0.015366,0.001310,0.026058,0.001430,0.007892,0.900000,0.010485,0.020832
153,0.007510,0.004449,0.900000,0.005437,0.021741,0.044347,0.004850,0.008336,0.000562,0.002769
154,0.005947,0.034557,0.005414,0.003845,0.015217,0.013861,0.009601,0.900000,0.000143,0.011414
155,0.013734,0.008557,0.007011,0.017775,0.011741,0.006387,0.013773,0.900000,0.016532,0.004488
156,0.005749,0.014457,0.027697,0.004682,0.009460,0.001185,0.004536,0.003996,0.028238,0.900000
157,0.004089,0.020228,0.023278,0.007028,0.000062,0.003884,0.024774,0.015952,0.900000,0.000706
158,0.022897,0.003588,0.003780,0.001246,0.042576,0.002226,0.002737,0.009310,0.011641,0.900000
159,0.001428,0.020552,0.032151,0.019940,0.002092,0.005143,0.001974,0.001665,0.015056,0.900000
160,0.001514,0.004844,0.001551,0.022139,0.006944,0.900000,0.011263,0.017749,0.026157,0.007838
161,0.000918,0.008004,0.004245,0.023590,0.009478,0.014578,0.024442,0.010990,0.003754,0.900000
162,0.001956,0.033189,0.046491,0.005805,0.000710,0.001125,0.004196,0.003020,0.003507,0.900000
163,0.029192,0.014031,0.010141,0.012181,0.007109,0.001919,0.900000,0.003559,0.021437,0.000433
164,0.900000,0.002318,0.040602,0.008585,0.005363,0.000686,0.006037,0.010425,0.018259,0.007725
165,0.029161,0.001788,0.035515,0.011745,0.005222,0.001495,0.010816,0.001321,0.900000,0.002938
166,0.021540,0.900000,0.014349,0.008527,0.024177,0.004722,0.000582,0.000457,0.000745,0.024901
167,0.030971,0.900000,0.017371,0.001093,0.004331,0.010416,0.008952,0.007267,0.004315,0.015284
168,0.026671,0.024712,0.018149,0.003365,0.000273,0.000526,0.001571,0.900000,0.019360,0.005374
169,0.900000,0.001152,0.001570,0.006880,0.003854,0.023320,0.014930,0.001458,0.001605,0.045231
170,0.003159,0.013125,0.006307,0.003686,0.021578,0.011755,0.012493,0.003971,0.900000,0.023928
171,0.005130,0.022688,0.002358,0.013841,0.012186,0.900000,0.014378,0.014055,0.001524,0.013842
172,0.005943,0.006082,0.007133,0.004892,0.028911,0.900000,0.011792,0.000967,0.027810,0.006469
173,0.005261,0.019788,0.030681,0.004413,0.008423,0.011548,0.013836,0.000760,0.900000,0.005291
174,0.009404,0.008853,0.900000,0.011766,0.003908,0.006700,0.037910,0.009478,0.001501,0.010480
175,0.000659,0.001078,0.006682,0.014898,0.017046,0.900000,0.016172,0.009208,0.023562,0.010694
176,0.001096,0.004338,0.011137,0.008398,0.001428,0.022535,0.005123,0.900000,0.004250,0.041695
177,0.000022,0.009211,0.022723,0.900000,0.003698,0.012122,0.019325,0.009718,0.005387,0.017794
178,0.006752,0.004240,0.027078,0.025524,0.001821,0.002914,0.006968,0.900000,0.007416,0.017288
179,0.014352,0.900000,0.023425,0.001816,0.005162,0.012997,0.003218,0.022620,0.004510,0.011900
180,0.002407,0.013930,0.006653,0.006008,0.004139,0.017054,0.017341,0.900000,0.021148,0.011321
181,0.009983,0.000878,0.002570,0.007056,0.010844,0.023537,0.030407,0.011835,0.002890,0.900000
182,0.005814,0.010207,0.009261,0.015504,0.009595,0.009580,0.900000,0.028894,0.003021,0.008126
183,0.005958,0.031101,0.001742,0.009233,0.036438,0.002272,0.900000,0.007400,0.003082,0.002774
184,0.006289,0.028025,0.000150,0.004367,0.003917,0.900000,0.001343,0.034805,0.011955,0.009150
185,0.002350,0.011517,0.002675,0.016679,0.003207,0.017763,0.021032,0.004922,0.900000,0.019855
186,0.001997,0.000377,0.027925,0.024068,0.000205,0.024377,0.900000,0.007220,0.012299,0.001532
187,0.003270,0.010692,0.038624,0.007465,0.900000,0.015983,0.000615,0.006962,0.008765,0.007624
188,0.016886,0.022981,0.004122,0.002253,0.000065,0.004611,0.007069,0.015890,0.900000,0.026124
189,0.009782,0.010403,0.002605,0.900000,0.008271,0.021902,0.026316,0.012300,0.004799,0.003621
190,0.025881,0.005603,0.900000,0.002155,0.009081,0.015593,0.002285,0.022748,0.001849,0.014805
191,0.006148,0.013282,0.000453,0.001385,0.000375,0.034338,0.015049,0.005184,0.900000,0.023785
192,0.000298,0.003388,0.020404,0.004142,0.006775,0.900000,0.011589,0.016105,0.029469,0.007830
193,0.009952,0.012405,0.900000,0.007741,0.003203,0.000262,0.005599,0.000867,0.005721,0.054250
194,0.013880,0.900000,0.001700,0.002719,0.000787,0.020452,0.022864,0.014985,0.015429,0.007183
195,0.006148,0.034779,0.009990,0.001919,0.900000,0.011547,0.001390,0.020381,0.012254,0.001591
196,0.900000,0.008738,0.022573,0.006087,0.001608,0.003411,0.021467,0.014610,0.015964,0.005542
197,0.002341,0.000107,0.013250,0.005568,0.016972,0.030503,0.013066,0.003948,0.014244,0.900000
198,0.036496,0.001042,0.012808,0.005554,0.008569,0.003566,0.004982,0.004228,0.022754,0.900000
199,0.000698,0.003685,0.004619,0.016116,0.018940,0.001000,0.033508,0.000011,0.021422,0.900000
200,0.022864,0.029340,0.003082,0.900000,0.006408,0.001933,0.031337,0.000456,0.003937,0.000643
201,0.010619,0.023292,0.006751,0.024272,0.002778,0.004931,0.009104,0.900000,0.007942,0.010309
202,0.003506,0.008022,0.016769,0.008679,0.007278,0.041628,0.001469,0.900000,0.011887,0.000761
203,0.008014,0.010060,0.017099,0.008507,0.900000,0.000147,0.026280,0.017470,0.009995,0.002428
204,0.900000,0.011307,0.021303,0.002650,0.012065,0.020404,0.015624,0.002414,0.006021,0.008212
205,0.009382,0.008712,0.005634,0.000623,0.034330,0.013130,0.007891,0.900000,0.010103,0.010195
206,0.002338,0.004004,0.900000,0.005890,0.007789,0.010353,0.030634,0.015027,0.023028,0.000935
207,0.006014,0.023350,0.021417,0.000697,0.003977,0.025031,0.001496,0.003653,0.014366,0.900000
208,0.002282,0.005326,0.003087,0.900000,0.004104,0.009114,0.004339,0.005524,0.023764,0.042460
209,0.002484,0.014776,0.008248,0.025818,0.009511,0.007594,0.900000,0.020645,0.009791,0.001134
210,0.003772,0.022636,0.004548,0.010761,0.002611,0.024306,0.900000,0.023291,0.005345,0.002731
211,0.015258,0.000566,0.007525,0.900000,0.019491,0.031622,0.008324,0.009737,0.000537,0.006940
212,0.000825,0.003806,0.002473,0.900000,0.013677,0.020533,0.013865,0.013978,0.022224,0.008618
213,0.023587,0.007745,0.900000,0.003709,0.018047,0.027352,0.010953,0.002987,0.000897,0.004723
214,0.002003,0.042446,0.900000,0.007458,0.019647,0.006533,0.006122,0.003013,0.003255,0.009522
215,0.004668,0.012681,0.030928,0.000885,0.900000,0.002748,0.014058,0.008038,0.023104,0.002890
216,0.002318,0.900000,0.010302,0.012516,0.001753,0.010396,0.005625,0.010112,0.042047,0.004933
217,0.017590,0.001621,0.021270,0.022393,0.003778,0.020633,0.005913,0.005567,0.001234,0.900000
218,0.008499,0.022662,0.014403,0.014362,0.001817,0.017914,0.001934,0.900000,0.010661,0.007747
219,0.028764,0.005323,0.004238,0.003954,0.002876,0.900000,0.001265,0.002757,0.041881,0.008942
220,0.005187,0.008563,0.005896,0.004420,0.008564,0.001965,0.022672,0.001604,0.900000,0.041131
221,0.006759,0.003276,0.000235,0.025619,0.010667,0.036388,0.000443,0.003768,0.900000,0.012846
222,0.008512,0.034451,0.900000,0.026593,0.005564,0.009189,0.003165,0.002239,0.001115,0.009173
223,0.009429,0.000186,0.000250,0.000685,0.008302,0.016411,0.029797,0.030848,0.004092,0.900000
224,0.003288,0.013126,0.900000,0.012078,0.006283,0.031265,0.005907,0.019108,0.000901,0.008043
225,0.000420,0.002273,0.007432,0.900000,0.005506,0.008510,0.007636,0.031596,0.017685,0.018941
226,0.032418,0.005343,0.001213,0.900000,0.016207,0.019493,0.016578,0.004642,0.002546,0.001560
227,0.029563,0.014657,0.000659,0.007352,0.900000,0.001166,0.022665,0.006898,0.014212,0.002828
228,0.002189,0.006477,0.900000,0.012102,0.007436,0.011204,0.047521,0.002229,0.009782,0.001060
229,0.008536,0.000673,0.001608,0.021835,0.022122,0.013728,0.900000,0.006031,0.011312,0.014155
230,0.040765,0.000459,0.900000,0.001875,0.015544,0.000669,0.011373,0.011088,0.015109,0.003118
231,0.013115,0.018607,0.001388,0.006056,0.011592,0.034641,0.900000,0.007876,0.002863,0.003862
232,0.006661,0.005034,0.023999,0.014655,0.001481,0.007200,0.900000,0.003347,0.027569,0.010054
233,0.004677,0.026771,0.007161,0.009098,0.029103,0.900000,0.005713,0.000565,0.001966,0.014947
234,0.012643,0.900000,0.002243,0.016915,0.017645,0.010595,0.005308,0.017951,0.004909,0.011791
235,0.000316,0.010039,0.008460,0.900000,0.032940,0.000281,0.000888,0.005377,0.039672,0.002027
236,0.000750,0.012184,0.021257,0.018274,0.001937,0.003727,0.900000,0.021108,0.020491,0.000272
237,0.010435,0.012679,0.015203,0.022573,0.003526,0.900000,0.003730,0.005763,0.003730,0.022360
238,0.003952,0.900000,0.031950,0.009380,0.001700,0.008249,0.027351,0.015487,0.000750,0.001180
239,0.022313,0.023739,0.008708,0.000580,0.000130,0.900000,0.027896,0.005831,0.005279,0.005526
240,0.012012,0.900000,0.005547,0.027559,0.008714,0.002697,0.028504,0.003026,0.005998,0.005942
241,0.028584,0.017467,0.002959,0.016100,0.004158,0.005485,0.013540,0.008365,0.003341,0.900000
242,0.002308,0.000914,0.006270,0.007778,0.004111,0.007842,0.900000,0.018448,0.006649,0.045679
243,0.900000,0.001529,0.005522,0.031104,0.001088,0.000353,0.002175,0.004667,0.017745,0.035815
244,0.022093,0.900000,0.001648,0.014449,0.005653,0.004353,0.023372,0.012482,0.009513,0.006437
245,0.900000,0.017872,0.012692,0.004241,0.011764,0.006259,0.010466,0.012147,0.001274,0.023285
246,0.015762,0.028541,0.018095,0.003235,0.008276,0.900000,0.004374,0.001885,0.017544,0.002288
247,0.005479,0.003113,0.003488,0.004614,0.008109,0.046827,0.021577,0.900000,0.003963,0.002832
248,0.007673,0.007339,0.900000,0.021555,0.004848,0.009631,0.019150,0.006908,0.001728,0.021167
249,0.006215,0.011159,0.900000,0.020357,0.012378,0.005611,0.003654,0.013712,0.011812,0.015102
250,0.000401,0.010104,0.014530,0.900000,0.005815,0.014675,0.000193,0.039999,0.004737,0.009545
251,0.002147,0.016717,0.021041,0.030228,0.010677,0.900000,0.002964,0.000736,0.010963,0.004527
252,0.900000,0.013591,0.002578,0.041901,0.003541,0.012608,0.000175,0.004085,0.003147,0.018374
253,0.000844,0.002147,0.023883,0.900000,0.018011,0.005128,0.003797,0.018587,0.017729,0.009875
254,0.023781,0.007864,0.013855,0.024912,0.900000,0.001120,0.006042,0.020194,0.001269,0.000963
255,0.006476,0.002088,0.012580,0.007579,0.030308,0.000638,0.001605,0.012637,0.900000,0.026089
256,0.010970,0.003262,0.009117,0.001081,0.041022,0.900000,0.004306,0.000986,0.013926,0.015330
257,0.011934,0.003346,0.012329,0.041457,0.003106,0.015580,0.003893,0.002615,0.005740,0.900000
258,0.009780,0.013455,0.900000,0.035737,0.001227,0.014984,0.005037,0.006436,0.005362,0.007982
259,0.003838,0.021241,0.000243,0.000946,0.021575,0.025906,0.900000,0.010663,0.006188,0.009400
260,0.024143,0.900000,0.018909,0.004300,0.014743,0.001241,0.011279,0.017353,0.006605,0.001427
261,0.008127,0.015968,0.015994,0.005677,0.027600,0.017033,0.004340,0.000350,0.900000,0.004910
262,0.900000,0.007868,0.001241,0.001029,0.019590,0.003478,0.019022,0.008335,0.017475,0.021963
263,0.004235,0.040895,0.900000,0.019193,0.003827,0.000419,0.009084,0.012480,0.008281,0.001585
264,0.010175,0.007272,0.062502,0.002065,0.004703,0.004747,0.001612,0.900000,0.003891,0.003033
265,0.000359,0.011352,0.003625,0.900000,0.001159,0.033171,0.005764,0.006902,0.013364,0.024304
266,0.003378,0.018942,0.006516,0.004755,0.006960,0.032596,0.002743,0.010224,0.900000,0.013887
267,0.000962,0.005243,0.023454,0.016245,0.005857,0.034679,0.005324,0.006725,0.900000,0.001510
268,0.012329,0.002474,0.002306,0.029536,0.900000,0.004466,0.010450,0.006856,0.002887,0.028696
269,0.005499,0.900000,0.015698,0.009223,0.008070,0.010746,0.000156,0.011892,0.010422,0.028293
270,0.023227,0.014490,0.005381,0.008668,0.010475,0.010570,0.015045,0.900000,0.010348,0.001795
271,0.019062,0.002162,0.010787,0.016553,0.016902,0.001201,0.025369,0.007825,0.900000,0.000138
272,0.005456,0.001856,0.013952,0.002278,0.001553,0.026215,0.001507,0.001216,0.045968,0.900000
273,0.010011,0.020993,0.019138,0.008346,0.019230,0.000058,0.004490,0.900000,0.004346,0.013387
274,0.015904,0.016617,0.009386,0.016661,0.008234,0.002484,0.900000,0.001361,0.019502,0.009850
275,0.003412,0.900000,0.002749,0.008866,0.014701,0.022034,0.003758,0.028846,0.007750,0.007885
276,0.900000,0.012371,0.005041,0.019912,0.014205,0.022240,0.010094,0.007393,0.006066,0.002680
277,0.900000,0.007101,0.003371,0.003270,0.003392,0.000701,0.004268,0.010761,0.057691,0.009446
278,0.014742,0.900000,0.010642,0.020589,0.012732,0.007683,0.007999,0.023807,0.001598,0.000207
279,0.014316,0.018904,0.014763,0.004069,0.900000,0.008184,0.006630,0.027809,0.004087,0.001238
280,0.008433,0.014589,0.018115,0.020327,0.011444,0.000589,0.900000,0.015337,0.003719,0.007445
281,0.900000,0.001808,0.002089,0.002875,0.018545,0.005044,0.017629,0.011162,0.009828,0.031021
282,0.008530,0.018376,0.003985,0.004956,0.900000,0.011602,0.010141,0.013474,0.020760,0.008176
283,0.013854,0.008831,0.011689,0.004017,0.007559,0.006615,0.006279,0.022879,0.018277,0.900000
284,0.005284,0.004065,0.008965,0.017094,0.013469,0.009002,0.012345,0.028029,0.001747,0.900000
285,0.012325,0.002656,0.010222,0.000366,0.009508,0.900000,0.018287,0.009359,0.026394,0.010883
286,0.900000,0.023266,0.000210,0.003828,0.000329,0.035980,0.017181,0.003276,0.009948,0.005983
287,0.002863,0.900000,0.017481,0.001142,0.012561,0.038896,0.004268,0.015008,0.005768,0.002013
288,0.003307,0.022189,0.900000,0.013006,0.003582,0.036653,0.000939,0.008237,0.004667,0.007420
289,0.051139,0.900000,0.005870,0.008833,0.015119,0.000674,0.007806,0.004788,0.000308,0.005464
290,0.027587,0.016208,0.008864,0.005069,0.029991,0.002057,0.900000,0.001575,0.000418,0.008231
291,0.004624,0.022384,0.016604,0.031787,0.000548,0.011705,0.900000,0.004632,0.003782,0.003933
292,0.002785,0.008410,0.016959,0.005626,0.000250,0.029326,0.001620,0.900000,0.004822,0.030201
293,0.023375,0.000106,0.012770,0.014037,0.004429,0.013169,0.021227,0.008249,0.002639,0.900000
294,0.900000,0.008870,0.001792,0.001719,0.029455,0.000427,0.028954,0.003250,0.000378,0.025156
295,0.017990,0.000663,0.002309,0.012468,0.011311,0.900000,0.002329,0.000010,0.041190,0.011730
296,0.002197,0.002627,0.012591,0.023853,0.011317,0.011612,0.006584,0.010389,0.900000,0.018832
297,0.005473,0.010334,0.012128,0.044873,0.000591,0.900000,0.014139,0.001588,0.006166,0.004707
298,0.008372,0.004637,0.007069,0.019998,0.017512,0.016770,0.900000,0.009951,0.013894,0.001797
299,0.004351,0.002083,0.010317,0.038208,0.900000,0.009643,0.003675,0.010376,0.018522,0.002826
300,0.016654,0.001115,0.011524,0.013511,0.006566,0.015433,0.016127,0.900000,0.006302,0.012767
301,0.900000,0.008977,0.007500,0.008262,0.001261,0.005317,0.011143,0.023905,0.026313,0.007322
302,0.900000,0.001108,0.013651,0.011243,0.002753,0.014145,0.005100,0.001896,0.034171,0.015934
303,0.013709,0.000123,0.017702,0.013194,0.000022,0.900000,0.006332,0.001004,0.039191,0.008723
304,0.005103,0.034606,0.007069,0.012645,0.021649,0.000950,0.014967,0.000349,0.900000,0.002662
305,0.024115,0.007289,0.007038,0.026117,0.012648,0.000176,0.002325,0.018392,0.900000,0.001898
306,0.001221,0.007769,0.023864,0.021415,0.006957,0.900000,0.006219,0.005569,0.015795,0.011189
307,0.004610,0.004219,0.001232,0.000557,0.015310,0.002444,0.900000,0.011761,0.029645,0.030223
308,0.013107,0.900000,0.001602,0.014657,0.015164,0.031275,0.014632,0.000366,0.004609,0.004589
309,0.900000,0.031228,0.000181,0.003597,0.010508,0.008241,0.020140,0.011018,0.011555,0.003531
310,0.015007,0.003910,0.020376,0.900000,0.001381,0.006485,0.016728,0.001361,0.004593,0.030158
311,0.013391,0.900000,0.008595,0.039251,0.014304,0.001475,0.003722,0.010251,0.006735,0.002276
312,0.900000,0.009868,0.004487,0.010767,0.008531,0.011648,0.007859,0.010029,0.023649,0.013161
313,0.012678,0.000896,0.000818,0.027286,0.006042,0.008645,0.900000,0.000891,0.022361,0.020384
314,0.003700,0.002719,0.022311,0.011610,0.002281,0.900000,0.012110,0.018939,0.021180,0.005150
315,0.007102,0.014436,0.010277,0.002169,0.022258,0.003316,0.900000,0.026503,0.004326,0.009613
316,0.010816,0.011876,0.900000,0.005347,0.028048,0.026605,0.001846,0.004243,0.002563,0.008656
317,0.017547,0.002497,0.014180,0.039676,0.001835,0.002998,0.006974,0.900000,0.000022,0.014273
318,0.006501,0.018629,0.009640,0.023659,0.900000,0.023588,0.002142,0.001999,0.003632,0.010208
319,0.900000,0.056020,0.000193,0.004320,0.007940,0.019846,0.000648,0.005227,0.004345,0.001461
320,0.003416,0.006023,0.002812,0.016891,0.020707,0.016308,0.002752,0.028922,0.002170,0.900000
321,0.016484,0.900000,0.001192,0.020955,0.002592,0.005930,0.003164,0.001735,0.020243,0.027707
322,0.014995,0.004463,0.023428,0.015391,0.004318,0.005451,0.004545,0.001818,0.025592,0.900000
323,0.036098,0.015331,0.900000,0.001196,0.003449,0.011738,0.006538,0.014415,0.001666,0.009568
324,0.009349,0.051741,0.000402,0.011663,0.003523,0.005784,0.000152,0.013267,0.004119,0.900000
325,0.013980,0.016598,0.007521,0.022092,0.011509,0.005750,0.005133,0.007448,0.900000,0.009970
326,0.030045,0.004324,0.012728,0.017407,0.900000,0.005970,0.014751,0.001046,0.013104,0.000625
327,0.021894,0.020574,0.016463,0.007290,0.900000,0.000859,0.017265,0.007765,0.002613,0.005277
328,0.036092,0.020345,0.900000,0.001564,0.001760,0.009438,0.003890,0.022625,0.004007,0.000278
329,0.025652,0.000433,0.042528,0.002070,0.002814,0.018888,0.000331,0.006097,0.900000,0.001187
330,0.028539,0.014093,0.011816,0.012275,0.009424,0.005690,0.002544,0.002743,0.900000,0.012877
331,0.900000,0.005352,0.012551,0.012402,0.005324,0.005002,0.000237,0.006687,0.014243,0.038202
332,0.900000,0.026671,0.016542,0.001319,0.002807,0.002135,0.022142,0.005299,0.015913,0.007172
333,0.011466,0.001333,0.004964,0.900000,0.013398,0.014454,0.011006,0.006799,0.010144,0.026436
334,0.004310,0.026251,0.013825,0.019328,0.900000,0.003343,0.007384,0.006356,0.000295,0.018908
335,0.013126,0.019703,0.004542,0.022735,0.022228,0.001282,0.005106,0.010815,0.900000,0.000463
336,0.001877,0.025979,0.000069,0.018372,0.007944,0.900000,0.002484,0.008843,0.012196,0.022237
337,0.006062,0.002889,0.023643,0.002046,0.015120,0.032905,0.005273,0.900000,0.008312,0.003750
338,0.009312,0.900000,0.003534,0.005091,0.029031,0.022994,0.013428,0.003513,0.011961,0.001135
339,0.000924,0.004306,0.010229,0.006713,0.009026,0.010586,0.900000,0.028380,0.007130,0.022706
340,0.007184,0.026531,0.900000,0.028366,0.005192,0.002943,0.002240,0.005281,0.003850,0.018412
341,0.017232,0.007965,0.003605,0.003879,0.011273,0.015110,0.900000,0.015690,0.006638,0.018608
342,0.024632,0.004878,0.011187,0.000881,0.012751,0.007511,0.009350,0.005642,0.900000,0.023167
343,0.004705,0.004125,0.900000,0.006403,0.004685,0.040563,0.013312,0.018538,0.000508,0.007161
344,0.000980,0.008622,0.014226,0.001289,0.004865,0.001143,0.003597,0.030983,0.900000,0.034296
345,0.002052,0.006514,0.008526,0.002866,0.021966,0.039936,0.002580,0.004795,0.010765,0.900000
346,0.002102,0.020277,0.020073,0.010332,0.012513,0.900000,0.000337,0.029620,0.002493,0.002254
347,0.010797,0.001524,0.003932,0.025467,0.000228,0.016511,0.006044,0.028110,0.007389,0.900000
348,0.001878,0.007917,0.002632,0.007357,0.010081,0.054429,0.006122,0.005315,0.900000,0.004268
349,0.008808,0.001525,0.027571,0.000641,0.001309,0.009388,0.900000,0.007484,0.003555,0.039718
350,0.035823,0.001387,0.006916,0.005100,0.007897,0.007824,0.900000,0.016243,0.005979,0.012831
351,0.017160,0.000296,0.004712,0.005198,0.000875,0.035973,0.020698,0.003112,0.900000,0.011977
352,0.001281,0.009709,0.011275,0.008220,0.029328,0.000535,0.019162,0.001661,0.900000,0.018830
353,0.024305,0.004288,0.028617,0.013211,0.900000,0.013636,0.002816,0.001502,0.002476,0.009149
354,0.006091,0.000699,0.010553,0.022474,0.015228,0.900000,0.001150,0.010973,0.001141,0.031691
355,0.003307,0.011016,0.007055,0.044724,0.900000,0.000447,0.009493,0.003895,0.017894,0.002169
356,0.023060,0.006234,0.020577,0.024758,0.007546,0.003477,0.007651,0.000359,0.006337,0.900000
357,0.006261,0.000043,0.011035,0.900000,0.012758,0.027718,0.007932,0.008897,0.019986,0.005369
358,0.000394,0.013228,0.012364,0.008227,0.001132,0.014938,0.900000,0.011884,0.002232,0.035602
359,0.007625,0.016211,0.021758,0.900000,0.004011,0.011604,0.005368,0.010588,0.004041,0.018793
360,0.001790,0.021606,0.004456,0.017647,0.002705,0.020710,0.016431,0.003568,0.011086,0.900000
361,0.900000,0.010572,0.010190,0.021270,0.005114,0.008053,0.021799,0.016741,0.004457,0.001804
362,0.022121,0.004124,0.013817,0.900000,0.015989,0.000083,0.018733,0.005052,0.005491,0.014589
363,0.007447,0.015746,0.027881,0.005434,0.017181,0.004575,0.002418,0.900000,0.007271,0.012046
364,0.003361,0.010708,0.044485,0.023273,0.005363,0.000961,0.002217,0.001911,0.007721,0.900000
365,0.009479,0.900000,0.002918,0.005097,0.002813,0.022859,0.001779,0.034134,0.011997,0.008924
366,0.004441,0.023256,0.900000,0.015690,0.010387,0.010511,0.004198,0.016939,0.003057,0.011521
367,0.022166,0.900000,0.030131,0.006536,0.006108,0.006619,0.000145,0.007233,0.009229,0.011833
368,0.000718,0.008187,0.011679,0.025146,0.900000,0.001375,0.011954,0.007988,0.027486,0.005467
369,0.041314,0.004300,0.003634,0.008373,0.000567,0.007781,0.022604,0.900000,0.011301,0.000125
370,0.004509,0.005700,0.007745,0.010445,0.008470,0.004197,0.013758,0.029433,0.900000,0.015743
371,0.008425,0.003896,0.028364,0.006715,0.009149,0.013603,0.900000,0.006054,0.007567,0.016228
372,0.005123,0.005258,0.001340,0.009989,0.013798,0.021539,0.015444,0.023310,0.900000,0.004199
373,0.016776,0.006880,0.005816,0.004492,0.900000,0.028407,0.005156,0.003719,0.022412,0.006342
374,0.032084,0.003168,0.002841,0.007157,0.900000,0.011735,0.003607,0.019518,0.009488,0.010402
375,0.012060,0.017919,0.009684,0.900000,0.011497,0.026565,0.000156,0.009564,0.006369,0.006185
376,0.012704,0.014592,0.003438,0.030420,0.008195,0.005924,0.008679,0.002573,0.900000,0.013476
377,0.010440,0.900000,0.010383,0.010703,0.000091,0.005625,0.032872,0.007333,0.018074,0.004480
378,0.001168,0.016058,0.900000,0.021883,0.001139,0.006233,0.018807,0.015164,0.006664,0.012885
379,0.012633,0.026616,0.002398,0.004728,0.007993,0.020271,0.900000,0.001881,0.014417,0.009063
380,0.016658,0.026936,0.900000,0.001574,0.001489,0.005833,0.008898,0.014753,0.014334,0.009526
381,0.003992,0.003709,0.003195,0.040038,0.011357,0.014429,0.003055,0.007098,0.013126,0.900000
382,0.015796,0.900000,0.004981,0.001038,0.007215,0.002044,0.038443,0.017029,0.005693,0.007762
383,0.004809,0.022049,0.011958,0.014469,0.000170,0.003842,0.021580,0.900000,0.008309,0.012814
384,0.015980,0.900000,0.003891,0.000417,0.022111,0.002150,0.001360,0.034510,0.008587,0.010994
385,0.007224,0.030863,0.020726,0.019529,0.001160,0.009517,0.003583,0.001841,0.900000,0.005557
386,0.900000,0.008920,0.001516,0.013084,0.039807,0.001084,0.002045,0.005124,0.013658,0.014763
387,0.031366,0.004928,0.017892,0.009486,0.011557,0.000742,0.009894,0.005153,0.900000,0.008982
388,0.001320,0.010576,0.015261,0.000765,0.900000,0.005249,0.015363,0.002470,0.024515,0.024481
389,0.900000,0.005913,0.008374,0.025725,0.006257,0.010102,0.010044,0.003267,0.014902,0.015416
390,0.000997,0.007023,0.020284,0.011582,0.029436,0.015868,0.003076,0.009430,0.002305,0.900000
391,0.005268,0.008249,0.017561,0.007154,0.006306,0.001277,0.026261,0.003150,0.900000,0.024772
392,0.900000,0.012496,0.013128,0.018243,0.008258,0.007033,0.016679,0.003920,0.017481,0.002761
393,0.000099,0.034379,0.018596,0.008332,0.013780,0.900000,0.002079,0.008108,0.012380,0.002246
394,0.900000,0.020883,0.013568,0.017648,0.024969,0.010090,0.002920,0.002819,0.003512,0.003590
395,0.013825,0.002544,0.001029,0.027525,0.026225,0.001481,0.000445,0.007088,0.900000,0.019839
396,0.000304,0.003428,0.001684,0.900000,0.023131,0.003453,0.028422,0.009223,0.020034,0.010321
397,0.900000,0.008375,0.003503,0.008495,0.002493,0.003073,0.045080,0.014965,0.013596,0.000420
398,0.016144,0.900000,0.005390,0.029505,0.001071,0.004021,0.007752,0.006910,0.020866,0.008340
399,0.020107,0.005241,0.002763,0.015112,0.011044,0.009995,0.900000,0.004545,0.028982,0.002212
400,0.002875,0.003760,0.006922,0.001357,0.016238,0.021963,0.019550,0.900000,0.012679,0.014656
401,0.900000,0.000018,0.003270,0.006066,0.002586,0.006192,0.033589,0.017538,0.005800,0.024942
402,0.002069,0.014406,0.024404,0.010349,0.007063,0.900000,0.001557,0.014899,0.014215,0.011038
403,0.014837,0.012301,0.900000,0.000145,0.010384,0.004104,0.011245,0.003038,0.007135,0.036810
404,0.008173,0.032062,0.004023,0.029647,0.007453,0.008083,0.002305,0.005445,0.002809,0.900000
405,0.002095,0.031583,0.000232,0.009410,0.025747,0.014196,0.009125,0.000095,0.900000,0.007519
406,0.003965,0.009743,0.020724,0.004021,0.023959,0.900000,0.017988,0.002647,0.015578,0.001375
407,0.007860,0.001727,0.900000,0.010963,0.029157,0.018988,0.008701,0.002915,0.002576,0.017113
408,0.021412,0.003159,0.007689,0.005787,0.900000,0.023705,0.021402,0.001272,0.005406,0.010167
409,0.002699,0.003357,0.007474,0.003530,0.026730,0.900000,0.013327,0.015356,0.013272,0.014255
410,0.025173,0.000404,0.007909,0.008572,0.900000,0.006544,0.019635,0.008866,0.022024,0.000872
411,0.009698,0.010559,0.900000,0.001572,0.009032,0.027909,0.033493,0.001783,0.005524,0.000430
412,0.013850,0.005172,0.001835,0.003237,0.024869,0.011663,0.022256,0.003061,0.014058,0.900000
413,0.026577,0.004444,0.033412,0.004222,0.008761,0.000120,0.007279,0.000357,0.900000,0.014827
414,0.002167,0.002376,0.006479,0.025724,0.018090,0.004496,0.900000,0.015737,0.022187,0.002744
415,0.024035,0.018182,0.016417,0.002721,0.010686,0.000590,0.013698,0.900000,0.007050,0.006623
416,0.900000,0.007021,0.009674,0.003268,0.004187,0.015078,0.036617,0.003707,0.011470,0.008978
417,0.015066,0.021663,0.013232,0.002847,0.006751,0.003833,0.026058,0.001899,0.900000,0.008651
418,0.900000,0.022401,0.017269,0.021654,0.008604,0.001323,0.014281,0.005948,0.005727,0.002793
419,0.003129,0.016478,0.005743,0.900000,0.004413,0.015805,0.013738,0.009634,0.023735,0.007325
420,0.001838,0.002445,0.009018,0.020510,0.002019,0.027492,0.021649,0.008645,0.006384,0.900000
421,0.007225,0.001328,0.013032,0.000869,0.003804,0.050794,0.900000,0.011434,0.007876,0.003638
422,0.011015,0.003008,0.018038,0.011402,0.000232,0.002010,0.008638,0.031962,0.900000,0.013695
423,0.003612,0.010419,0.007581,0.017761,0.000459,0.018058,0.001629,0.020889,0.900000,0.019592
424,0.900000,0.001381,0.016065,0.007609,0.009069,0.022258,0.016562,0.017861,0.007607,0.001588
425,0.004079,0.003678,0.004540,0.900000,0.010529,0.027213,0.019527,0.010516,0.008487,0.011431
